# Shape: (6, 3, 3, 3)
-20 -23 33 15 -9 64 -30 -2 8 
26 -2 -11 -5 -55 -12 -21 -64 40 
-41 -4 20 -52 44 17 -17 -15 40 
-31 53 -13 -25 78 -60 24 -12 -18 
-7 -22 14 -22 12 17 -19 32 25 
19 40 -73 29 72 -73 -12 18 -74 
-35 17 34 64 32 22 -57 -31 9 
-33 -5 27 68 46 26 23 6 6 
-39 -33 -20 27 -3 37 12 -21 4 
9 -23 -21 -6 74 15 -28 -46 42 
-25 -47 -28 -4 39 41 -39 29 58 
-54 -57 -16 77 58 -27 -63 20 30 
47 -3 13 -57 -91 24 19 -68 -61 
48 12 -12 28 -30 58 32 -128 3 
-2 49 -9 -48 25 68 -53 -29 38 
-5 -21 -13 8 -46 -10 38 39 48 
-16 22 8 29 28 13 -3 20 22 
-77 -11 -41 -13 -70 9 16 16 -16 
