
---------------Quantize Layer quant---------------
  Scale: 0.007874015718698502
  Zero Point: 0
  DType: torch.quint8


---------------Quantize Layer dw1---------------
scale: 0.047043610364198685
zero_point: 0
# Shape: (1, 1, 3, 3)
112 32 74 57 25 65 107 33 127 

---------------Quantize Layer pw1---------------
scale: 0.12646149098873138
zero_point: 52
# Shape: (3, 1, 1, 1)
102 
-90 
127 

---------------Quantize Layer dw2---------------
scale: 0.3758808672428131
zero_point: 45
# Shape: (3, 1, 3, 3)
105 -49 -45 40 56 43 23 29 31 
0 60 28 -20 49 72 -68 -24 -70 
127 6 -7 9 -22 -13 -29 -36 -34 

---------------Quantize Layer pw2---------------
scale: 0.6354156732559204
zero_point: 66
# Shape: (6, 3, 1, 1)
62 -11 41 
-86 127 -84 
58 24 -63 
56 45 -39 
14 -63 -89 
97 -52 -30 

---------------Quantize Layer dw3---------------
scale: 0.4380768835544586
zero_point: 63
# Shape: (6, 1, 3, 3)
21 127 73 0 -5 -11 45 9 9 
47 86 89 13 -40 36 73 -39 94 
-5 -32 -14 -8 39 12 -63 -42 31 
30 4 -1 -16 38 -59 49 33 85 
1 -32 -3 -81 26 20 -7 22 2 
4 25 -14 28 -33 29 5 -21 -5 

---------------Quantize Layer pw3---------------
scale: 0.624890923500061
zero_point: 88
# Shape: (10, 6, 1, 1)
4 14 -40 -36 -1 -21 
-1 -128 -18 -8 44 -36 
24 27 1 25 23 29 
19 38 -36 16 51 15 
-55 -68 46 1 -46 -25 
19 36 -44 -29 30 -42 
42 -31 36 -47 -21 -38 
-87 10 -33 36 27 36 
5 3 -9 13 0 -22 
-73 -27 0 36 -23 7 
